epsilon = 15; % ratio between colour channels
    ROI = [186,186,186+448,186+448];
 center = [420,408];
     R2 = 0.5 * 531; % pix
 window = 10; 
  R_min = 180;
  R_max = 215;
